132 0.352477 0.353651 0.267117 0.0599739 0.423694
32 0.712838 0.566004 0.0716216 0.0316167 0.460228
268 0.393694 0.546936 0.278378 0.0338983 0.481753
43 0.601802 0.346969 0.146847 0.0440026 0.494553
108 0.397072 0.64912 0.347297 0.0374837 0.497828
123 0.348874 0.353651 0.276126 0.0573664 0.814977
215 0.363964 0.442145 0.303604 0.0479139 0.831803
49 0.923649 0.472784 0.0833333 0.0446545 0.859348
37 0.952703 0.771023 0.0882883 0.0570404 0.875552
49 0.911036 0.355117 0.109459 0.0433507 0.891814
21 0.936036 0.571382 0.0810811 0.0462842 0.918193
21 0.938063 0.678781 0.0914414 0.0531291 0.933767
